nnInput = [80 20; 70 30; 50 50; 90 10; 100 0;
           30 70; 20 80; 40 60; 40 60; 0 100];
nnTarget = [1 0; 1 0; 1 0; 1 0; 1 0;
            0 1; 0 1; 0 1; 0 1; 0 1];